# by Peng, et al, Robust paramterization of elastic nd absorptive electron atomic scattering factors, Acta Crystallographica A, 52:257-276
1	8.800000e-03	4.490000e-02	1.481000e-01	2.356000e-01	9.140000e-02	1.152000e-01	1.086700e+00	4.975500e+00	1.655910e+01	4.327430e+01
2	8.400000e-03	4.430000e-02	1.314000e-01	1.671000e-01	6.660000e-02	5.960000e-02	5.360000e-01	2.427400e+00	7.785200e+00	2.031260e+01
3	4.780000e-02	2.048000e-01	5.253000e-01	1.522500e+00	9.853000e-01	2.258000e-01	2.103200e+00	1.293490e+01	5.075010e+01	1.366280e+02
4	4.230000e-02	1.874000e-01	6.019000e-01	1.431100e+00	7.891000e-01	1.445000e-01	1.418000e+00	8.116500e+00	2.797050e+01	7.486840e+01
5	4.360000e-02	1.898000e-01	6.788000e-01	1.327300e+00	5.544000e-01	1.207000e-01	1.159500e+00	6.247400e+00	2.104600e+01	5.936190e+01
6	4.890000e-02	2.091000e-01	7.537000e-01	1.142000e+00	3.555000e-01	1.140000e-01	1.082500e+00	5.428100e+00	1.788110e+01	5.113410e+01
7	2.670000e-02	1.328000e-01	5.301000e-01	1.102000e+00	4.215000e-01	5.410000e-02	5.165000e-01	2.820700e+00	1.062970e+01	3.437640e+01
8	3.650000e-02	1.729000e-01	5.805000e-01	8.814000e-01	3.121000e-01	6.520000e-02	6.184000e-01	2.944900e+00	9.629800e+00	2.821940e+01
9	3.820000e-02	1.822000e-01	5.972000e-01	7.707000e-01	2.130000e-01	6.130000e-02	5.753000e-01	2.685800e+00	8.821400e+00	2.566680e+01
10	3.800000e-02	1.785000e-01	5.494000e-01	6.942000e-01	1.918000e-01	5.540000e-02	5.087000e-01	2.263900e+00	7.331600e+00	2.169120e+01
11	1.260000e-01	6.442000e-01	8.893000e-01	1.819700e+00	1.298800e+00	1.684000e-01	1.715000e+00	8.838600e+00	5.082650e+01	1.472073e+02
12	1.130000e-01	5.575000e-01	9.046000e-01	2.158000e+00	1.473500e+00	1.356000e-01	1.357900e+00	6.925500e+00	3.231650e+01	9.211380e+01
13	1.165000e-01	5.504000e-01	1.017900e+00	2.629500e+00	1.571100e+00	1.295000e-01	1.261900e+00	6.824200e+00	2.845770e+01	8.847500e+01
14	5.670000e-02	3.365000e-01	8.104000e-01	2.496000e+00	2.118600e+00	5.820000e-02	6.155000e-01	3.252200e+00	1.679290e+01	5.767670e+01
15	1.005000e-01	4.615000e-01	1.066300e+00	2.585400e+00	1.272500e+00	9.770000e-02	9.084000e-01	4.965400e+00	1.854710e+01	5.436480e+01
16	9.150000e-02	4.312000e-01	1.084700e+00	2.467100e+00	1.085200e+00	8.380000e-02	7.788000e-01	4.346200e+00	1.558460e+01	4.463650e+01
17	7.990000e-02	3.891000e-01	1.003700e+00	2.333200e+00	1.050700e+00	6.940000e-02	6.443000e-01	3.535100e+00	1.250580e+01	3.586330e+01
18	1.044000e-01	4.551000e-01	1.423200e+00	2.153300e+00	4.459000e-01	8.530000e-02	7.701000e-01	4.468400e+00	1.458640e+01	4.124740e+01
19	2.149000e-01	8.703000e-01	2.499900e+00	2.359100e+00	3.031800e+00	1.660000e-01	1.690600e+00	8.744700e+00	4.678250e+01	1.656923e+02
20	2.355000e-01	9.916000e-01	2.395900e+00	3.725200e+00	2.564700e+00	1.742000e-01	1.832900e+00	8.840700e+00	4.745830e+01	1.349613e+02
21	4.636000e-01	2.080200e+00	2.900300e+00	1.419300e+00	2.432300e+00	3.682000e-01	4.031200e+00	2.264930e+01	7.182000e+01	1.033691e+02
22	2.123000e-01	8.960000e-01	2.176500e+00	3.043600e+00	2.443900e+00	1.399000e-01	1.456800e+00	6.753400e+00	3.311680e+01	1.018238e+02
23	2.369000e-01	1.077400e+00	2.189400e+00	3.082500e+00	1.719000e+00	1.505000e-01	1.639200e+00	7.569100e+00	3.687410e+01	1.078517e+02
24	1.970000e-01	8.228000e-01	2.020000e+00	2.171700e+00	1.751600e+00	1.197000e-01	1.198500e+00	5.409700e+00	2.523610e+01	9.442900e+01
25	1.943000e-01	8.190000e-01	1.929600e+00	2.496800e+00	2.062500e+00	1.135000e-01	1.131300e+00	5.034100e+00	2.417980e+01	8.055980e+01
26	1.929000e-01	8.239000e-01	1.868900e+00	2.369400e+00	1.906000e+00	1.087000e-01	1.080600e+00	4.763700e+00	2.285000e+01	7.673090e+01
27	2.186000e-01	9.861000e-01	1.854000e+00	2.325800e+00	1.468500e+00	1.182000e-01	1.230000e+00	5.417700e+00	2.576020e+01	8.085420e+01
28	2.313000e-01	1.065700e+00	1.822900e+00	2.260900e+00	1.188300e+00	1.210000e-01	1.269100e+00	5.687000e+00	2.709170e+01	8.302850e+01
29	3.501000e-01	1.655800e+00	1.958200e+00	2.134000e-01	1.410900e+00	1.867000e-01	1.991700e+00	1.133960e+01	5.326190e+01	6.325200e+01
30	1.780000e-01	8.096000e-01	1.674400e+00	1.949900e+00	1.449500e+00	8.760000e-02	8.650000e-01	3.861200e+00	1.887260e+01	6.470160e+01
31	2.135000e-01	9.768000e-01	1.666900e+00	2.566200e+00	1.679000e+00	1.020000e-01	1.021900e+00	4.627500e+00	2.287420e+01	8.015350e+01
32	2.135000e-01	9.761000e-01	1.655500e+00	2.893800e+00	1.635600e+00	9.890000e-02	9.845000e-01	4.552700e+00	2.155630e+01	7.039030e+01
33	2.059000e-01	9.518000e-01	1.637200e+00	3.049000e+00	1.475600e+00	9.260000e-02	9.182000e-01	4.329100e+00	1.929960e+01	5.893290e+01
34	1.574000e-01	7.614000e-01	1.483400e+00	3.001600e+00	1.797800e+00	6.860000e-02	6.808000e-01	3.116300e+00	1.434580e+01	4.404550e+01
35	1.899000e-01	8.983000e-01	1.635800e+00	3.184500e+00	1.151800e+00	8.100000e-02	7.957000e-01	3.905400e+00	1.577010e+01	4.561240e+01
36	1.742000e-01	8.447000e-01	1.594400e+00	3.150700e+00	1.133800e+00	7.230000e-02	7.123000e-01	3.519200e+00	1.377240e+01	3.911480e+01
37	3.781000e-01	1.490400e+00	3.575300e+00	3.003100e+00	3.327200e+00	1.557000e-01	1.534700e+00	9.994700e+00	5.142510e+01	1.859828e+02
38	3.723000e-01	1.459800e+00	3.512400e+00	4.461200e+00	3.303100e+00	1.480000e-01	1.464300e+00	9.232000e+00	4.988070e+01	1.480937e+02
39	3.234000e-01	1.273700e+00	3.211500e+00	4.056300e+00	3.796200e+00	1.244000e-01	1.194800e+00	7.275600e+00	3.414300e+01	1.112079e+02
40	2.997000e-01	1.187900e+00	3.107500e+00	3.974000e+00	3.576900e+00	1.121000e-01	1.063800e+00	6.389100e+00	2.870810e+01	9.742890e+01
41	1.680000e-01	9.370000e-01	2.730000e+00	3.815000e+00	3.005300e+00	5.970000e-02	6.524000e-01	4.431700e+00	1.955400e+01	8.550110e+01
42	3.069000e-01	1.171400e+00	3.229300e+00	3.425400e+00	2.122400e+00	1.101000e-01	1.022200e+00	5.961300e+00	2.519650e+01	9.358310e+01
43	2.928000e-01	1.126700e+00	3.167500e+00	3.661900e+00	2.594200e+00	1.020000e-01	9.481000e-01	5.471300e+00	2.381530e+01	8.289910e+01
44	2.604000e-01	1.044200e+00	3.076100e+00	3.217500e+00	1.944800e+00	8.870000e-02	8.240000e-01	4.827800e+00	1.989770e+01	8.045660e+01
45	2.713000e-01	1.055600e+00	3.141600e+00	3.045100e+00	1.717900e+00	9.070000e-02	8.324000e-01	4.770200e+00	1.978620e+01	8.025400e+01
46	2.003000e-01	8.779000e-01	2.613500e+00	2.859400e+00	1.025800e+00	6.590000e-02	6.111000e-01	3.556300e+00	1.276380e+01	4.442830e+01
47	2.739000e-01	1.050300e+00	3.156400e+00	2.754300e+00	1.432800e+00	8.810000e-02	8.028000e-01	4.445100e+00	1.870110e+01	7.926330e+01
48	3.072000e-01	1.130300e+00	3.204600e+00	2.932900e+00	1.656000e+00	9.660000e-02	8.856000e-01	4.627300e+00	2.067890e+01	7.347230e+01
49	3.564000e-01	1.301100e+00	3.242400e+00	3.483900e+00	2.045900e+00	1.091000e-01	1.045200e+00	5.090000e+00	2.465780e+01	8.805130e+01
50	2.966000e-01	1.115700e+00	3.097300e+00	3.815600e+00	2.528100e+00	8.960000e-02	8.268000e-01	4.224200e+00	2.069000e+01	7.133990e+01
51	2.725000e-01	1.065100e+00	2.994000e+00	4.069700e+00	2.568200e+00	8.090000e-02	7.488000e-01	3.871000e+00	1.888000e+01	6.064990e+01
52	2.422000e-01	9.692000e-01	2.811400e+00	4.150900e+00	2.816100e+00	7.080000e-02	6.472000e-01	3.360900e+00	1.607520e+01	5.017240e+01
53	2.617000e-01	1.032500e+00	2.809700e+00	4.480900e+00	2.319000e+00	7.490000e-02	6.914000e-01	3.463400e+00	1.636030e+01	4.825220e+01
54	2.334000e-01	9.496000e-01	2.638100e+00	4.468000e+00	2.502000e+00	6.550000e-02	6.050000e-01	3.038900e+00	1.408090e+01	4.100050e+01
55	5.713000e-01	2.486600e+00	4.979500e+00	4.019800e+00	4.440300e+00	1.626000e-01	1.821300e+00	1.110490e+01	4.905680e+01	2.029980e+01
56	5.229000e-01	2.287400e+00	4.724300e+00	5.080700e+00	5.638900e+00	1.434000e-01	1.601900e+00	9.451100e+00	4.276850e+01	1.484969e+02
57	5.461000e-01	2.385600e+00	5.065300e+00	5.760100e+00	4.046300e+00	1.479000e-01	1.655200e+00	1.000590e+01	4.732450e+01	1.458464e+02
58	2.227000e-01	1.076000e+00	2.948200e+00	5.849600e+00	7.183400e+00	5.710000e-02	5.946000e-01	3.202200e+00	1.642530e+01	9.570300e+01
59	5.237000e-01	2.291300e+00	4.616100e+00	4.723300e+00	4.817300e+00	1.360000e-01	1.506800e+00	8.821300e+00	4.195360e+01	1.412424e+02
60	5.368000e-01	2.330100e+00	4.605800e+00	4.662100e+00	4.462200e+00	1.378000e-01	1.514000e+00	8.871900e+00	4.359670e+01	1.418065e+02
61	5.232000e-01	2.262700e+00	4.455200e+00	4.478700e+00	4.507300e+00	1.317000e-01	1.433600e+00	8.308700e+00	4.060100e+01	1.359196e+02
62	5.162000e-01	2.230200e+00	4.344900e+00	4.359800e+00	4.429200e+00	1.279000e-01	1.381100e+00	7.962900e+00	3.912130e+01	1.327846e+02
63	5.272000e-01	2.284400e+00	4.336100e+00	4.317800e+00	4.090800e+00	1.285000e-01	1.394300e+00	8.108100e+00	4.096310e+01	1.341233e+02
64	9.664000e-01	3.405200e+00	5.080300e+00	1.499100e+00	4.252800e+00	2.641000e-01	2.658600e+00	1.622130e+01	8.020600e+01	9.253590e+01
65	5.110000e-01	2.157000e+00	4.030800e+00	3.993600e+00	4.246600e+00	1.210000e-01	1.270400e+00	7.136800e+00	3.503540e+01	1.235062e+02
66	4.974000e-01	2.109700e+00	3.890600e+00	3.810000e+00	4.308400e+00	1.157000e-01	1.210800e+00	6.737700e+00	3.241500e+01	1.169225e+02
67	4.679000e-01	1.969300e+00	3.719100e+00	3.963200e+00	4.243200e+00	1.069000e-01	1.099400e+00	5.976900e+00	2.714910e+01	9.631190e+01
68	5.034000e-01	2.108800e+00	3.823200e+00	3.729900e+00	3.896300e+00	1.141000e-01	1.176900e+00	6.608700e+00	3.343320e+01	1.164913e+02
69	4.839000e-01	2.026200e+00	3.685100e+00	3.587400e+00	4.003700e+00	1.081000e-01	1.101200e+00	6.111400e+00	3.037280e+01	1.105988e+02
70	5.221000e-01	2.169500e+00	3.756700e+00	3.668500e+00	3.427400e+00	1.148000e-01	1.186000e+00	6.752000e+00	3.568070e+01	1.180692e+02
71	4.680000e-01	1.946600e+00	3.542800e+00	3.849000e+00	3.659400e+00	1.015000e-01	1.019500e+00	5.605800e+00	2.748990e+01	9.528460e+01
72	4.048000e-01	1.737000e+00	3.339900e+00	3.944800e+00	3.729300e+00	8.680000e-02	8.585000e-01	4.637800e+00	2.169000e+01	8.024080e+01
73	3.835000e-01	1.674700e+00	3.298600e+00	4.046200e+00	3.430300e+00	8.100000e-02	8.020000e-01	4.354500e+00	1.996440e+01	7.363370e+01
74	3.661000e-01	1.619100e+00	3.245500e+00	4.085600e+00	3.206400e+00	7.610000e-02	7.543000e-01	4.095200e+00	1.828860e+01	6.809670e+01
75	3.933000e-01	1.697300e+00	3.420200e+00	4.127400e+00	2.615800e+00	8.060000e-02	7.972000e-01	4.423700e+00	1.956920e+01	6.874770e+01
76	3.854000e-01	1.655500e+00	3.412900e+00	4.111100e+00	2.410600e+00	7.870000e-02	7.638000e-01	4.244100e+00	1.837000e+01	6.510710e+01
77	3.510000e-01	1.562000e+00	3.294600e+00	4.061500e+00	2.438200e+00	7.060000e-02	6.904000e-01	3.826600e+00	1.608120e+01	5.876380e+01
78	3.083000e-01	1.415800e+00	2.966200e+00	3.934900e+00	2.170900e+00	6.090000e-02	5.993000e-01	3.192100e+00	1.252850e+01	4.976750e+01
79	3.055000e-01	1.394500e+00	2.961700e+00	3.899000e+00	2.002600e+00	5.960000e-02	5.827000e-01	3.103500e+00	1.196930e+01	4.791060e+01
80	3.593000e-01	1.573600e+00	3.523700e+00	3.810900e+00	1.695300e+00	6.940000e-02	6.758000e-01	3.845700e+00	1.562030e+01	5.666140e+01
81	3.511000e-01	1.548900e+00	3.567600e+00	4.090000e+00	2.525100e+00	6.720000e-02	6.522000e-01	3.742000e+00	1.597910e+01	6.513540e+01
82	3.540000e-01	1.545300e+00	3.597500e+00	4.315200e+00	2.774300e+00	6.680000e-02	6.465000e-01	3.696800e+00	1.620560e+01	6.149090e+01
83	3.530000e-01	1.525800e+00	3.581500e+00	4.553200e+00	3.071400e+00	6.610000e-02	6.324000e-01	3.590600e+00	1.599620e+01	5.757600e+01
84	3.673000e-01	1.577200e+00	3.707900e+00	4.858200e+00	2.844000e+00	6.780000e-02	6.527000e-01	3.739600e+00	1.706680e+01	5.597890e+01
85	3.547000e-01	1.520600e+00	3.562100e+00	5.018400e+00	3.007500e+00	6.490000e-02	6.188000e-01	3.469600e+00	1.560900e+01	4.948180e+01
86	4.586000e-01	1.778100e+00	3.987700e+00	5.727300e+00	1.546000e+00	8.310000e-02	7.840000e-01	4.359900e+00	2.001280e+01	6.215350e+01
87	8.282000e-01	2.994100e+00	5.659700e+00	4.929200e+00	4.288900e+00	1.515000e-01	1.616300e+00	9.775200e+00	4.284800e+01	1.907366e+02
88	1.412900e+00	4.426900e+00	7.046000e+00	-1.057300e+00	8.643000e+00	2.921000e-01	3.138100e+00	1.967670e+01	1.020436e+02	1.139798e+02
89	7.169000e-01	2.571000e+00	5.179100e+00	6.348400e+00	5.647400e+00	1.263000e-01	1.290000e+00	7.368600e+00	3.244900e+01	1.180558e+02
90	6.958000e-01	2.493600e+00	5.126900e+00	6.698800e+00	5.079900e+00	1.211000e-01	1.224700e+00	6.939800e+00	3.009910e+01	1.051960e+02
91	1.250200e+00	4.228400e+00	7.048900e+00	1.139000e+00	5.822200e+00	2.415000e-01	2.644200e+00	1.633130e+01	7.357570e+01	9.194010e+01
92	6.410000e-01	2.264300e+00	4.871300e+00	5.928700e+00	5.393500e+00	1.097000e-01	1.064400e+00	5.790700e+00	2.502610e+01	1.013899e+02
93	6.938000e-01	2.465200e+00	5.122700e+00	5.596500e+00	4.854300e+00	1.171000e-01	1.175700e+00	6.405300e+00	2.752170e+01	1.030482e+02
94	6.902000e-01	2.450900e+00	5.128400e+00	5.033900e+00	4.857500e+00	1.153000e-01	1.154500e+00	6.229100e+00	2.707410e+01	1.113150e+02
95	7.577000e-01	2.726400e+00	5.418400e+00	4.819800e+00	4.101300e+00	1.257000e-01	1.304400e+00	7.103500e+00	3.246490e+01	1.188647e+02
96	7.567000e-01	2.756500e+00	5.436400e+00	5.191800e+00	3.564300e+00	1.239000e-01	1.297900e+00	7.079800e+00	3.278710e+01	1.101512e+02
97	7.492000e-01	2.726700e+00	5.352100e+00	5.036900e+00	3.532100e+00	1.217000e-01	1.265100e+00	6.810100e+00	3.160880e+01	1.064853e+02
98	8.100000e-01	3.000100e+00	5.463500e+00	4.175600e+00	3.506600e+00	1.310000e-01	1.403800e+00	7.605700e+00	3.401860e+01	9.052260e+01
